<?xml version="1.0" encoding="UTF-8" ?>
<skeleton>
	<bones>
		<bone name="Body" boneTransform="-0.000000 0.000000 -1.000000 -0.000000 -0.000000 -1.000000 -0.000000 3.786524 -1.000000 0.000000 0.000000 -0.000000 0.000000 0.000000 -0.000000 1.000000 " transform="-0.000000 -0.000000 -1.000000 0.000000 0.000000 -1.000000 0.000000 3.786523 -1.000000 -0.000000 -0.000000 0.000000 0.000000 0.000000 0.000000 1.000000 " />
		<bone name="ArmL1" parent="Body" boneTransform="-0.765200 -0.643793 -0.000001 1.614215 0.643792 -0.765200 0.000000 3.557550 -0.000001 -0.000000 1.000000 -0.000001 -0.000000 0.000000 -0.000000 1.000000 " transform="0.000001 -0.000001 -1.000000 0.000000 0.643793 0.765200 0.000000 0.025066 0.765200 -0.643793 0.000001 1.055127 0.000000 0.000000 0.000000 1.000000 " />
		<bone name="ArmL2" parent="ArmL1" boneTransform="-0.766045 -0.642788 -0.000001 0.672452 0.642788 -0.766045 0.000000 3.558436 -0.000001 -0.000000 1.000000 -0.000001 -0.000000 0.000000 -0.000000 1.000000 " transform="0.999999 0.001312 0.000000 0.937093 -0.001312 0.999999 -0.000000 0.000000 -0.000000 0.000000 1.000000 0.000000 0.000000 0.000000 0.000000 1.000000 " />
		<bone name="PinceR" parent="ArmL2" boneTransform="-0.766044 -0.642788 -0.000001 -0.305710 0.642788 -0.766044 0.000000 3.692573 -0.000001 -0.000000 1.000000 -0.000000 -0.000000 0.000000 -0.000000 1.000000 " transform="1.000000 -0.000000 -0.000000 0.978164 0.000000 1.000000 0.000000 -0.134138 0.000000 -0.000000 1.000000 0.000001 0.000000 0.000000 0.000000 1.000000 " />
		<bone name="Flap3" parent="Body" boneTransform="0.000000 -1.000000 -0.000000 3.306338 -1.000000 -0.000000 0.000003 -0.000001 -0.000003 0.000000 -1.000000 0.831319 -0.000000 0.000000 -0.000000 1.000000 " transform="0.000000 -0.000003 1.000000 -0.831320 1.000000 0.000000 -0.000000 0.480187 -0.000000 1.000000 0.000003 -0.000000 0.000000 0.000000 0.000000 1.000000 " />
		<bone name="Flap2" parent="Body" boneTransform="-0.000000 -1.000000 0.000000 3.306337 -0.500003 -0.000000 -0.866024 0.000003 0.866024 -0.000000 -0.500002 -0.831319 0.000000 0.000000 -0.000000 1.000000 " transform="-0.000000 0.866024 0.500002 0.415660 1.000000 0.000000 0.000000 0.480187 0.000000 0.500002 -0.866024 -0.719945 0.000000 0.000000 0.000000 1.000000 " />
		<bone name="Flap1" parent="Body" boneTransform="0.000000 -1.000000 -0.000000 3.306337 0.866025 0.000000 0.500001 0.831319 -0.500001 -0.000000 0.866025 0.000000 -0.000000 0.000000 -0.000000 1.000000 " transform="0.000000 -0.500001 -0.866025 0.415660 1.000000 -0.000000 0.000000 0.480187 -0.000000 -0.866025 0.500001 0.719944 0.000000 0.000000 0.000000 1.000000 " />
		<bone name="ArmR1" parent="Body" boneTransform="0.765200 -0.643793 -0.000000 1.614215 0.643793 0.765200 0.000001 -3.557551 -0.000000 -0.000001 1.000000 0.000002 -0.000000 0.000000 -0.000000 1.000000 " transform="0.000000 -0.000001 -1.000000 -0.000000 0.643793 -0.765200 0.000001 0.025066 -0.765200 -0.643793 0.000000 -1.055127 0.000000 0.000000 0.000000 1.000000 " />
		<bone name="ArmR2" parent="ArmR1" boneTransform="0.766045 -0.642788 -0.000000 0.672452 0.642788 0.766045 0.000001 -3.558437 -0.000000 -0.000001 1.000000 0.000002 -0.000000 0.000000 -0.000000 1.000000 " transform="0.999999 -0.001313 -0.000000 0.937092 0.001313 0.999999 0.000000 -0.000000 0.000000 -0.000000 1.000000 0.000000 0.000000 0.000000 0.000000 1.000000 " />
		<bone name="PinceL" parent="ArmR2" boneTransform="0.766045 -0.642788 0.000000 -0.305712 0.642788 0.766045 0.000000 -3.692573 -0.000000 0.000000 1.000000 0.000000 -0.000000 0.000000 -0.000000 1.000000 " transform="1.000000 0.000000 -0.000001 0.978164 -0.000000 1.000000 0.000000 0.134136 0.000001 -0.000000 1.000000 0.000000 0.000000 0.000000 0.000000 1.000000 " />
	</bones>
</skeleton>
