<?xml version="1.0" encoding="UTF-8" ?>
<skeleton>
	<bones>
		<bone name="Body" boneTransform="-0.915035 0.000000 0.403374 -0.000000 0.000000 1.000000 -0.000000 -0.102511 -0.403374 0.000000 -0.915035 0.000000 -0.000000 -0.000000 -0.000000 1.000000 " transform="-0.915035 0.000000 -0.403374 -0.000000 0.000000 1.000000 -0.000000 0.102511 0.403374 -0.000000 -0.915035 0.000000 0.000000 0.000000 0.000000 1.000000 " />
		<bone name="ArmL1" parent="Body" boneTransform="-0.643793 0.765200 -0.000001 -1.058821 -0.765200 -0.643793 -0.000001 0.117639 -0.000001 0.000000 1.000000 -0.000001 0.000000 0.000000 -0.000000 1.000000 " transform="0.589093 0.700185 0.403375 0.541376 0.765200 -0.643793 0.000000 0.783434 0.259690 0.308662 -0.915035 0.238654 0.000000 0.000000 0.000000 1.000000 " />
		<bone name="ArmL2" parent="ArmL1" boneTransform="-0.532753 0.846271 0.000000 -0.992877 -0.846271 -0.532753 -0.000000 -0.549194 0.000000 -0.000000 1.000000 0.000000 0.000000 0.000000 -0.000000 1.000000 " transform="0.990549 0.137161 -0.000001 -0.000000 -0.137161 0.990549 -0.000000 0.525459 0.000001 0.000000 1.000000 -0.000000 0.000000 0.000000 0.000000 1.000000 " />
		<bone name="PinceR" parent="ArmL2" boneTransform="-0.722195 0.691690 -0.000001 -1.230821 -0.691690 -0.722195 0.000000 -0.828907 -0.000001 0.000001 1.000000 -0.000001 -0.000000 0.000000 -0.000000 1.000000 " transform="0.970108 -0.242673 0.000001 0.000000 0.242673 0.970108 -0.000000 0.553622 -0.000001 0.000000 1.000000 -0.000000 0.000000 0.000000 0.000000 1.000000 " />
		<bone name="Flap3" parent="Body" boneTransform="-0.000110 -1.000000 -0.000000 0.630743 -0.000793 -0.000000 1.000000 -0.466148 -1.000000 0.000110 -0.000793 0.000301 0.000000 0.000000 -0.000000 1.000000 " transform="0.000100 0.404099 0.914715 0.188032 -1.000000 -0.000000 0.000109 0.528233 0.000044 -0.914715 0.404099 -0.426542 0.000000 0.000000 0.000000 1.000000 " />
		<bone name="Flap2" parent="Body" boneTransform="0.000000 -1.000000 0.000000 0.630743 0.834634 0.000000 -0.550806 -0.465317 0.550806 0.000000 0.834633 -0.027827 -0.000000 0.000000 -0.000000 1.000000 " transform="-0.000000 -0.985900 -0.167337 -0.463412 -1.000000 0.000000 0.000000 0.528233 -0.000000 0.167337 -0.985900 0.050431 0.000000 0.000000 0.000000 1.000000 " />
		<bone name="Flap1" parent="Body" boneTransform="0.000001 -1.000000 -0.000001 0.630744 -0.820004 0.000000 -0.572358 -0.464434 0.572358 0.000002 -0.820004 0.039936 -0.000000 0.000000 -0.000000 1.000000 " transform="-0.000001 0.519458 -0.854496 0.275380 -1.000000 0.000000 0.000002 0.528233 0.000001 0.854496 0.519458 0.376112 0.000000 0.000000 0.000000 1.000000 " />
		<bone name="ArmR1" parent="Body" boneTransform="-0.643793 -0.765200 0.000000 1.058821 0.765200 -0.643793 -0.000000 0.117638 0.000000 0.000000 1.000000 -0.000000 -0.000000 0.000000 -0.000000 1.000000 " transform="0.589093 -0.700185 0.403374 -0.541375 -0.765200 -0.643793 -0.000000 0.783433 0.259689 -0.308662 -0.915035 -0.238654 0.000000 0.000000 0.000000 1.000000 " />
		<bone name="ArmR2" parent="ArmR1" boneTransform="-0.532753 -0.846271 0.000000 0.992877 0.846271 -0.532753 -0.000000 -0.549193 0.000000 0.000000 1.000000 -0.000000 -0.000000 0.000000 -0.000000 1.000000 " transform="0.990549 -0.137160 0.000000 0.000000 0.137160 0.990549 -0.000000 0.525458 -0.000000 0.000000 1.000000 -0.000000 0.000000 0.000000 0.000000 1.000000 " />
		<bone name="PinceL" parent="ArmR2" boneTransform="-0.742509 -0.669835 0.000000 1.255003 0.669835 -0.742509 0.000000 -0.791816 -0.000000 0.000000 1.000000 -0.000000 -0.000000 0.000000 -0.000000 1.000000 " transform="0.962436 0.271507 0.000000 -0.000000 -0.271507 0.962436 -0.000000 0.553622 -0.000000 0.000000 1.000000 -0.000000 0.000000 0.000000 0.000000 1.000000 " />
	</bones>
</skeleton>
