<?xml version="1.0" encoding="UTF-8" ?>
<skeleton>
	<bones>
		<bone name="mixamorig:Hips" boneTransform="18.751883 -0.000000 -98.226097 167.785446 -0.000007 100.000000 -0.000001 -232.307709 98.226097 0.000008 18.751883 881.664673 " transform="1.000000 -0.000000 0.000000 0.409993 -0.000000 0.000000 1.000000 -0.623299 -0.000000 -1.000000 0.000000 -232.307648 " />
		<bone name="mixamorig:Spine" parent="mixamorig:Hips" boneTransform="18.751883 -0.000000 -98.226097 167.785461 -14.434377 98.914383 -2.755599 -378.711578 97.159737 14.695051 18.548307 837.955505 " transform="1.000000 -0.000000 0.000000 -0.000016 0.000000 0.989144 0.146950 19.154577 -0.000000 -0.146950 0.989144 -2.845736 " />
		<bone name="mixamorig:Spine1" parent="mixamorig:Spine" boneTransform="18.751883 -0.000000 -98.226097 167.785477 -14.434378 98.914383 -2.755599 -401.303772 97.159737 14.695052 18.548307 837.955444 " transform="1.000000 0.000000 -0.000000 -0.000005 -0.000000 1.000000 0.000000 22.592182 0.000000 -0.000000 1.000000 0.000031 " />
		<bone name="mixamorig:Spine2" parent="mixamorig:Spine1" boneTransform="18.751883 -0.000000 -98.226097 167.785477 -14.434346 98.914383 -2.755593 -427.123230 97.159744 14.695021 18.548309 837.955750 " transform="1.000000 -0.000000 -0.000000 -0.000021 0.000000 1.000000 -0.000000 25.819721 0.000000 0.000000 1.000000 -0.000060 " />
		<bone name="mixamorig:Neck" parent="mixamorig:Spine2" boneTransform="18.751883 -0.000000 -98.226105 167.785446 -0.000007 100.000008 -0.000001 -328.080475 98.226105 0.000006 18.751883 895.893005 " transform="1.000000 0.000000 0.000000 0.000023 0.000000 0.989144 -0.146950 29.047113 0.000000 0.146950 0.989144 0.000100 " />
		<bone name="mixamorig:Head" parent="mixamorig:Neck" boneTransform="18.751883 0.000000 -98.226105 167.785446 -0.000009 100.000008 -0.000002 -339.495392 98.226105 0.000008 18.751883 891.782593 " transform="1.000000 -0.000000 -0.000000 0.000006 0.000000 1.000000 0.000000 11.414924 0.000000 -0.000000 1.000000 4.110341 " />
		<bone name="mixamorig:HeadTop_End" parent="mixamorig:Head" boneTransform="18.751883 0.000000 -98.226105 167.785477 -0.000009 100.000008 -0.000002 -394.634705 98.226105 0.000008 18.751883 871.927612 " transform="1.000000 0.000000 -0.000000 -0.000013 -0.000000 1.000000 0.000000 55.139332 0.000000 -0.000000 1.000000 19.854904 " />
		<bone name="mixamorig:LeftShoulder" parent="mixamorig:Spine2" boneTransform="-97.187744 -15.595798 -17.644167 -835.491516 20.790493 -21.639112 -95.391327 242.727905 11.058998 -96.376968 24.273003 416.245636 " transform="-0.008934 0.975978 -0.217687 14.035715 -0.009119 -0.217766 -0.975959 24.354340 -0.999919 -0.006734 0.010845 -0.347296 " />
		<bone name="mixamorig:LeftArm" parent="mixamorig:LeftShoulder" boneTransform="-95.880005 14.793118 -24.252649 -923.002258 -5.849108 -93.822693 -34.104172 230.413757 -27.799555 -31.280514 90.822449 -112.660675 " transform="0.951557 0.263344 0.158713 0.000141 -0.000001 0.516187 -0.856476 27.299244 -0.307474 0.814985 0.491182 -0.000006 " />
		<bone name="mixamorig:LeftForeArm" parent="mixamorig:LeftArm" boneTransform="-80.176720 -40.548332 -43.903633 -652.647156 49.489059 -86.229637 -10.737218 661.210327 -33.504177 -30.336229 89.203072 -167.856415 " transform="0.815229 -0.576021 0.060020 0.000087 0.577061 0.816701 -0.000000 67.020020 -0.049019 0.034635 0.998197 -0.000015 " />
		<bone name="mixamorig:LeftHand" parent="mixamorig:LeftForeArm" boneTransform="-92.712898 -37.257507 4.025002 -736.181519 37.222706 -90.315262 21.392168 535.328430 -4.335011 21.331512 97.602150 -14.141432 " transform="0.876743 -0.026146 -0.480248 0.000000 -0.141879 0.940027 -0.310192 49.151680 0.459556 0.340096 0.820453 -0.000050 " />
		<bone name="mixamorig:LeftHandThumb1" parent="mixamorig:LeftHand" boneTransform="-40.126198 -89.839706 17.852766 -151.787292 89.039223 -33.684624 30.616465 868.993835 -21.492107 28.181179 93.508911 -182.983490 " transform="0.713927 -0.687684 0.131901 -6.087423 0.700220 0.701147 -0.134483 7.712790 -0.000000 0.188370 0.982098 1.873705 " />
		<bone name="mixamorig:LeftHandThumb2" parent="mixamorig:LeftHandThumb1" boneTransform="-40.126202 -89.839714 17.852745 -152.631149 75.983376 -21.763800 61.260658 743.435791 -51.150963 38.146687 76.996216 -471.348755 " transform="1.000000 0.000000 0.000000 0.843796 -0.000000 0.937419 -0.348204 7.957567 -0.000000 0.348204 0.937419 -0.000019 " />
		<bone name="mixamorig:LeftHandThumb3" parent="mixamorig:LeftHandThumb2" boneTransform="-40.126179 -89.839699 17.852816 -151.559799 82.263786 -26.775272 50.157341 792.282532 -40.281059 34.812614 84.649429 -366.459076 " transform="1.000000 -0.000000 -0.000001 -1.071115 0.000001 0.990608 0.136733 8.701668 0.000000 -0.136733 0.990608 0.000061 " />
		<bone name="mixamorig:LeftHandThumb4" parent="mixamorig:LeftHandThumb3" boneTransform="-40.126175 -89.839706 17.852802 -151.787125 82.263779 -26.775272 50.157345 783.722107 -40.281071 34.812603 84.649422 -366.459137 " transform="1.000000 0.000000 0.000000 0.227325 -0.000000 1.000000 -0.000000 8.560295 -0.000000 0.000000 1.000000 -0.000034 " />
		<bone name="mixamorig:LeftHandIndex1" parent="mixamorig:LeftHand" boneTransform="-88.320755 -46.481762 6.236251 -670.574280 45.468243 -81.608665 35.674442 570.265259 -11.492803 34.343449 93.211838 -103.194214 " transform="0.994537 -0.103137 0.016116 -8.792655 0.104388 0.982611 -0.153553 29.133717 0.000002 0.154396 0.988009 -0.230295 " />
		<bone name="mixamorig:LeftHandIndex2" parent="mixamorig:LeftHandIndex1" boneTransform="-88.320732 -46.481850 6.236125 -670.591614 43.097336 -75.197914 49.878826 540.741333 -18.495173 46.740944 86.447784 -190.536285 " transform="1.000000 -0.000000 0.000002 0.017822 0.000000 0.987576 -0.157143 6.300947 -0.000001 0.157143 0.987576 -0.000011 " />
		<bone name="mixamorig:LeftHandIndex3" parent="mixamorig:LeftHandIndex2" boneTransform="-88.320717 -46.481869 6.236001 -670.557861 45.537868 -81.817703 35.102257 558.590393 -11.214042 33.842304 93.428841 -100.728035 " transform="1.000000 0.000000 0.000001 -0.033709 -0.000000 0.986594 0.163195 6.077604 -0.000001 -0.163195 0.986594 0.000004 " />
		<bone name="mixamorig:LeftHandIndex4" parent="mixamorig:LeftHandIndex3" boneTransform="-88.320755 -46.481812 6.236145 -670.574280 45.537876 -81.817741 35.102192 553.469788 -11.213866 33.842316 93.428871 -100.726517 " transform="1.000000 0.000000 -0.000002 0.016092 -0.000000 1.000000 0.000001 5.120632 0.000002 -0.000001 1.000000 -0.000011 " />
		<bone name="mixamorig:LeftHandMiddle1" parent="mixamorig:LeftHand" boneTransform="-94.865273 -31.518692 2.674993 -763.159729 31.054602 -91.191628 26.827250 454.096405 -6.016241 26.280451 96.297195 -38.588688 " transform="0.998031 0.062639 -0.003377 -3.099363 -0.062730 0.996582 -0.053746 32.837067 -0.000002 0.053852 0.998549 -0.063921 " />
		<bone name="mixamorig:LeftHandMiddle2" parent="mixamorig:LeftHandMiddle1" boneTransform="-94.865295 -31.518604 2.675226 -763.168762 28.212614 -80.482872 52.216450 420.686432 -14.304803 50.290031 85.242546 -160.143814 " transform="1.000000 -0.000000 -0.000002 0.008739 -0.000000 0.961632 -0.274344 5.616339 0.000003 0.274344 0.961632 -0.000004 " />
		<bone name="mixamorig:LeftHandMiddle3" parent="mixamorig:LeftHandMiddle2" boneTransform="-94.865265 -31.518688 2.674865 -763.154053 30.966181 -90.810036 28.189219 442.398315 -6.455836 27.570086 95.907356 -46.423588 " transform="1.000000 0.000000 0.000004 -0.014459 -0.000001 0.965423 0.260688 5.686056 -0.000004 -0.260688 0.965423 0.000008 " />
		<bone name="mixamorig:LeftHandMiddle4" parent="mixamorig:LeftHandMiddle3" boneTransform="-94.865295 -31.518593 2.675277 -763.160034 30.966209 -90.810066 28.189135 438.459625 -6.455409 27.570141 95.907372 -46.419987 " transform="1.000000 -0.000000 -0.000004 0.005594 0.000000 1.000000 0.000001 3.938963 0.000004 -0.000001 1.000000 -0.000004 " />
		<bone name="mixamorig:LeftHandRing1" parent="mixamorig:LeftHand" boneTransform="-98.023232 -19.784992 -0.029557 -821.212769 17.831205 -88.407936 43.198235 347.270752 -8.572911 42.339035 90.188217 -93.668884 " transform="0.982504 0.181455 -0.041962 3.718406 -0.186244 0.957241 -0.221365 29.225924 0.000000 0.225307 0.974288 -1.123243 " />
		<bone name="mixamorig:LeftHandRing2" parent="mixamorig:LeftHandRing1" boneTransform="-98.023224 -19.785002 -0.029658 -821.214294 17.425013 -86.401688 47.234695 336.494598 -9.371024 46.295807 88.141258 -109.006531 " transform="1.000000 0.000000 0.000001 0.001631 -0.000000 0.998976 -0.045247 6.188286 -0.000001 0.045247 0.998976 0.000011 " />
		<bone name="mixamorig:LeftHandRing3" parent="mixamorig:LeftHandRing2" boneTransform="-98.023239 -19.784960 -0.029489 -821.219910 18.842533 -93.399338 30.356579 344.803589 -6.033591 29.750942 95.281052 -46.868797 " transform="1.000000 -0.000000 -0.000002 0.005583 0.000000 0.983208 0.182490 6.034489 0.000002 -0.182490 0.983208 0.000015 " />
		<bone name="mixamorig:LeftHandRing4" parent="mixamorig:LeftHandRing3" boneTransform="-98.023239 -19.784960 -0.029489 -821.212830 18.842533 -93.399345 30.356596 340.568085 -6.033594 29.750957 95.281052 -46.868828 " transform="1.000000 -0.000000 -0.000000 -0.007101 0.000000 1.000000 -0.000000 4.235508 0.000000 0.000000 1.000000 -0.000015 " />
		<bone name="mixamorig:LeftHandPinky1" parent="mixamorig:LeftHand" boneTransform="-99.870041 -3.546804 -3.660645 -874.469421 1.595389 -89.961891 43.638474 208.268112 -4.840966 43.523346 89.901558 -64.374672 " transform="0.937665 0.337949 -0.081090 8.173387 -0.347541 0.911784 -0.218783 27.434914 -0.000001 0.233327 0.972398 -0.138914 " />
		<bone name="mixamorig:LeftHandPinky2" parent="mixamorig:LeftHandPinky1" boneTransform="-99.870041 -3.546764 -3.660543 -874.462341 0.896767 -82.924881 55.880806 191.833755 -5.017470 55.775337 82.848907 -92.350227 " transform="1.000000 -0.000000 -0.000001 -0.007149 0.000000 0.990006 -0.141026 5.327854 0.000001 0.141026 0.990006 -0.000008 " />
		<bone name="mixamorig:LeftHandPinky3" parent="mixamorig:LeftHandPinky2" boneTransform="-99.870041 -3.546761 -3.660517 -874.485535 1.812859 -91.839493 39.524960 201.201767 -4.763667 39.407227 91.784439 -55.962601 " transform="1.000000 -0.000000 -0.000000 0.023173 0.000000 0.982609 0.185688 4.522754 0.000000 -0.185688 0.982609 -0.000019 " />
		<bone name="mixamorig:LeftHandPinky4" parent="mixamorig:LeftHandPinky3" boneTransform="-99.870033 -3.546773 -3.660542 -874.469299 1.812860 -91.839493 39.524956 197.823608 -4.763696 39.407219 91.784439 -55.962856 " transform="1.000000 -0.000000 0.000000 -0.016121 0.000000 1.000000 0.000000 3.378158 -0.000000 -0.000000 1.000000 0.000008 " />
		<bone name="mixamorig:RightShoulder" parent="mixamorig:Spine2" boneTransform="95.748589 15.437090 24.370190 823.070190 -20.790495 -21.639124 95.391327 -130.186111 19.999140 -96.402519 -17.509708 496.477417 " transform="-0.059832 -0.975978 0.209493 -14.035653 0.007773 -0.210318 -0.977602 24.456015 0.998178 -0.056864 0.020170 -1.031678 " />
		<bone name="mixamorig:RightArm" parent="mixamorig:RightShoulder" boneTransform="97.629005 -10.599971 18.873665 925.044983 -16.011053 -94.038490 30.006756 140.259018 14.567809 -32.317184 -93.506012 270.840729 " transform="0.964416 -0.225345 -0.138280 0.000006 0.000000 0.523017 -0.852322 27.299248 0.264389 0.821993 0.504406 -0.000002 " />
		<bone name="mixamorig:RightForeArm" parent="mixamorig:RightArm" boneTransform="90.328926 41.230221 -11.863924 742.544495 42.877773 -85.803604 28.270735 601.557251 1.476415 -30.623652 -95.184074 145.622528 " transform="0.815777 0.562920 -0.132772 0.000045 -0.567949 0.823064 -0.000000 66.866211 0.109280 0.075408 0.991147 0.000000 " />
		<bone name="mixamorig:RightHand" parent="mixamorig:RightForeArm" boneTransform="83.241089 37.746925 40.571987 648.441101 42.764221 -90.318649 -3.709195 583.289612 35.243996 20.437872 -91.324417 341.698761 " transform="0.859405 0.018299 0.510968 -0.000115 0.147737 0.947844 -0.282427 49.395660 -0.489486 0.318208 0.811879 -0.000010 " />
		<bone name="mixamorig:RightHandThumb1" parent="mixamorig:RightHand" boneTransform="35.304516 87.471794 33.200478 111.884132 92.961594 -36.804649 -1.885380 913.368042 10.570168 31.529325 -94.308899 95.825691 " transform="0.758759 0.627247 -0.175629 7.470158 -0.651371 0.730657 -0.204585 8.413205 -0.000001 0.269631 0.962964 3.149826 " />
		<bone name="mixamorig:RightHandThumb2" parent="mixamorig:RightHandThumb1" boneTransform="35.304623 87.471802 33.200371 111.734642 92.871101 -28.463678 -23.765057 901.522583 -11.337660 39.223709 -91.285004 -117.029884 " transform="1.000000 -0.000001 -0.000001 0.150459 0.000001 0.972585 -0.232548 9.345646 0.000001 0.232548 0.972585 0.000000 " />
		<bone name="mixamorig:RightHandThumb3" parent="mixamorig:RightHandThumb2" boneTransform="35.304523 87.471802 33.200455 111.098343 92.267654 -26.671751 -27.844162 887.451538 -15.500633 40.463524 -90.124496 -157.078552 " transform="1.000000 0.000001 0.000001 0.635386 -0.000001 0.998989 -0.044949 7.907587 -0.000001 0.044949 0.998989 0.000000 " />
		<bone name="mixamorig:RightHandThumb4" parent="mixamorig:RightHandThumb3" boneTransform="35.304523 87.471802 33.200455 111.884193 92.267654 -26.671755 -27.844164 881.394348 -15.500631 40.463531 -90.124496 -157.078537 " transform="1.000000 -0.000000 0.000000 -0.785872 -0.000000 1.000000 0.000000 6.057159 -0.000000 -0.000000 1.000000 0.000000 " />
		<bone name="mixamorig:RightHandIndex1" parent="mixamorig:RightHand" boneTransform="78.653603 46.409454 40.740288 582.437317 56.688583 -80.428429 -17.823170 669.138550 24.495176 37.113659 -89.568733 213.415054 " transform="0.995194 0.095977 -0.019405 8.722013 -0.097919 0.975455 -0.197231 29.699312 -0.000001 0.198184 0.980165 -0.095001 " />
		<bone name="mixamorig:RightHandIndex2" parent="mixamorig:RightHandIndex1" boneTransform="78.653618 46.409458 40.740227 582.448364 59.699375 -74.019699 -30.936424 687.403259 15.798392 48.654278 -85.925346 112.506180 " transform="1.000000 -0.000000 -0.000001 -0.010809 0.000000 0.988895 -0.148614 6.088546 0.000001 0.148614 0.988895 0.000038 " />
		<bone name="mixamorig:RightHandIndex3" parent="mixamorig:RightHandIndex2" boneTransform="78.653542 46.409424 40.740429 582.418701 55.667889 -81.842926 -14.241229 648.155334 26.733921 33.880566 -90.207535 238.535278 " transform="1.000000 0.000000 0.000002 0.028955 -0.000001 0.982191 0.187887 5.973801 -0.000002 -0.187887 0.982191 -0.000015 " />
		<bone name="mixamorig:RightHandIndex4" parent="mixamorig:RightHandIndex3" boneTransform="78.653610 46.409481 40.740219 582.437500 55.667892 -81.842911 -14.241302 643.059326 26.733696 33.880516 -90.207611 238.533463 " transform="1.000000 -0.000000 -0.000002 -0.018141 0.000000 1.000000 -0.000001 5.096045 0.000002 0.000001 1.000000 -0.000046 " />
		<bone name="mixamorig:RightHandMiddle1" parent="mixamorig:RightHand" boneTransform="85.336754 33.036388 40.326557 673.192139 41.360542 -89.993637 -13.800073 547.155396 31.732332 28.455822 -90.461700 295.522003 " transform="0.998668 -0.051398 0.004534 2.928724 0.051598 0.994805 -0.087754 30.174721 -0.000000 0.087872 0.996132 -0.759453 " />
		<bone name="mixamorig:RightHandMiddle2" parent="mixamorig:RightHandMiddle1" boneTransform="85.336769 33.036320 40.326576 673.197327 47.904064 -80.207611 -35.664143 596.513245 20.562893 49.752701 -84.272339 153.268295 " transform="1.000000 -0.000001 0.000000 -0.005079 0.000001 0.969169 -0.246397 6.797709 -0.000000 0.246397 0.969169 0.000004 " />
		<bone name="mixamorig:RightHandMiddle3" parent="mixamorig:RightHandMiddle2" boneTransform="85.336746 33.036415 40.326565 673.191589 44.501427 -86.456001 -23.344675 562.549011 27.152529 37.867485 -88.480446 235.478561 " transform="1.000000 0.000001 -0.000000 0.005503 -0.000001 0.989881 0.141903 6.242285 0.000001 -0.141903 0.989881 0.000011 " />
		<bone name="mixamorig:RightHandMiddle4" parent="mixamorig:RightHandMiddle3" boneTransform="85.336754 33.036388 40.326565 673.192139 44.501400 -86.456032 -23.344650 557.466431 27.152548 37.867455 -88.480438 235.478760 " transform="1.000000 -0.000000 0.000000 -0.000402 0.000000 1.000000 0.000000 5.082441 -0.000000 -0.000000 1.000000 0.000019 " />
		<bone name="mixamorig:RightHandRing1" parent="mixamorig:RightHand" boneTransform="90.079292 19.045486 39.025448 748.961121 27.499786 -94.571114 -17.322254 433.178406 33.607719 26.335678 -90.426468 315.582428 " transform="0.980055 -0.198346 0.012285 -3.540094 0.198726 0.978180 -0.060599 29.849258 0.000002 0.061831 0.998087 -0.065784 " />
		<bone name="mixamorig:RightHandRing2" parent="mixamorig:RightHandRing1" boneTransform="90.079216 19.045437 39.025654 748.944214 33.889774 -87.023254 -35.755154 483.863373 27.151701 45.433678 -84.844330 219.730896 " transform="1.000000 0.000001 0.000002 0.016224 -0.000000 0.978121 -0.208035 5.613294 -0.000002 0.208035 0.978121 0.000011 " />
		<bone name="mixamorig:RightHandRing3" parent="mixamorig:RightHandRing2" boneTransform="90.079254 19.045494 39.025555 748.964111 30.385630 -91.847664 -25.312407 448.413116 31.023214 34.659382 -88.522774 275.547211 " transform="1.000000 0.000000 -0.000001 -0.019588 -0.000000 0.992770 0.120034 5.617352 0.000001 -0.120034 0.992770 -0.000011 " />
		<bone name="mixamorig:RightHandRing4" parent="mixamorig:RightHandRing3" boneTransform="90.079247 19.045492 39.025555 748.960632 30.385630 -91.847649 -25.312399 443.853424 31.023211 34.659382 -88.522766 275.547150 " transform="1.000000 0.000000 0.000000 0.003380 -0.000000 1.000000 -0.000000 4.559647 -0.000000 0.000000 1.000000 -0.000004 " />
		<bone name="mixamorig:RightHandPinky1" parent="mixamorig:RightHand" boneTransform="93.258537 0.454053 36.092033 818.929565 15.276011 -91.092094 -38.325855 331.695435 32.702995 41.255562 -85.020515 276.497375 " transform="0.924441 -0.372181 0.083005 -8.110889 0.381325 0.902274 -0.201227 27.369932 -0.000000 0.217675 0.976021 -0.370052 " />
		<bone name="mixamorig:RightHandPinky2" parent="mixamorig:RightHandPinky1" boneTransform="93.258530 0.454054 36.092041 818.918091 19.147974 -85.384773 -48.402424 357.657593 30.597361 52.050297 -79.715515 234.655640 " transform="1.000000 0.000000 0.000000 0.011350 -0.000000 0.992545 -0.121880 5.304098 -0.000000 0.121880 0.992545 -0.000046 " />
		<bone name="mixamorig:RightHandPinky3" parent="mixamorig:RightHandPinky2" boneTransform="93.258537 0.454059 36.092014 818.951355 13.347064 -93.338478 -33.313370 305.329987 33.536495 35.884789 -87.106689 294.216248 " transform="1.000000 -0.000000 -0.000000 -0.033121 0.000000 0.983770 0.179432 4.491137 0.000000 -0.179432 0.983770 0.000038 " />
		<bone name="mixamorig:RightHandPinky4" parent="mixamorig:RightHandPinky3" boneTransform="93.258537 0.454061 36.092018 818.929565 13.347064 -93.338486 -33.313370 302.125580 33.536499 35.884792 -87.106697 294.216278 " transform="1.000000 0.000000 -0.000000 0.021843 -0.000000 1.000000 0.000000 3.204443 0.000000 -0.000000 1.000000 0.000023 " />
		<bone name="mixamorig:LeftUpLeg" parent="mixamorig:Hips" boneTransform="-18.365490 -5.145751 98.163788 -134.285950 7.953871 -99.613274 -3.733562 291.030304 97.976074 7.122067 18.702272 860.844910 " transform="-0.998673 0.051588 0.000011 18.659943 -0.051457 -0.996132 0.071222 -10.624323 0.003686 0.071126 0.997470 2.793966 " />
		<bone name="mixamorig:LeftLeg" parent="mixamorig:LeftUpLeg" boneTransform="-17.594687 -13.890617 97.454506 -116.879295 -21.741856 -96.006203 -17.608898 -77.875168 96.008255 -24.287167 13.870519 881.022949 " transform="0.996122 -0.083529 -0.027655 -0.000005 0.087988 0.945630 0.313116 99.092781 -0.000003 -0.314335 0.949312 0.000053 " />
		<bone name="mixamorig:LeftFoot" parent="mixamorig:LeftLeg" boneTransform="-9.955927 -15.765696 98.245621 -46.921261 87.313660 -48.735840 1.026282 802.154236 47.718662 85.885201 18.616850 421.952423 " transform="0.996875 -0.075917 -0.021821 -0.000030 0.000000 0.276245 -0.961087 106.067017 0.078991 0.958084 0.275382 0.000102 " />
		<bone name="mixamorig:LeftToeBase" parent="mixamorig:LeftFoot" boneTransform="-4.748624 -6.406006 99.680878 -1.115709 99.884750 0.289656 4.775489 871.993042 -0.594910 99.794220 6.384714 -4.020566 " transform="0.994161 -0.052971 -0.094011 -0.000013 -0.000000 0.871220 -0.490892 40.482552 0.107907 0.488026 0.866133 -0.000022 " />
		<bone name="mixamorig:LeftToe_End" parent="mixamorig:LeftToeBase" boneTransform="-4.748622 -6.406081 99.680862 -1.115705 99.884750 0.289660 4.775487 853.499207 -0.594916 99.794220 6.384788 -4.020593 " transform="1.000000 -0.000000 0.000001 0.000008 0.000000 1.000000 -0.000000 18.493778 -0.000001 0.000000 1.000000 -0.000000 " />
		<bone name="mixamorig:RightUpLeg" parent="mixamorig:Hips" boneTransform="-19.078615 5.147121 98.027626 -200.750381 5.833609 -99.626503 6.366365 272.013977 97.988541 6.933106 18.708328 860.307495 " transform="-0.998673 -0.051595 -0.000011 -18.659973 0.051471 -0.996265 0.069332 -10.624324 -0.003588 0.069239 0.997602 3.864405 " />
		<bone name="mixamorig:RightLeg" parent="mixamorig:RightUpLeg" boneTransform="-19.517639 13.895802 97.086960 -215.188782 -27.785831 -95.718773 8.113532 -131.992523 94.057365 -25.393333 22.544306 864.064697 " transform="0.996119 0.083285 0.028466 -0.000005 -0.088015 0.942569 0.322206 99.079521 0.000004 -0.323461 0.946242 -0.000005 " />
		<bone name="mixamorig:RightFoot" parent="mixamorig:RightLeg" boneTransform="-26.759338 15.824870 95.044205 -281.606903 81.969078 -48.108639 31.089252 754.677368 50.643726 86.227188 -0.097316 448.215759 " transform="0.996983 0.074992 0.020022 -0.000006 -0.000000 0.257951 -0.966158 106.384888 -0.077618 0.963243 0.257173 -0.000003 " />
		<bone name="mixamorig:RightToeBase" parent="mixamorig:RightFoot" boneTransform="-32.298626 6.002087 94.449158 -330.346161 94.624504 0.288990 32.341686 824.702026 1.667976 99.819283 -5.772726 16.058100 " transform="0.993624 0.054625 0.098631 -0.000014 0.000000 0.874797 -0.484490 41.010941 -0.112747 0.481401 0.869219 -0.000014 " />
		<bone name="mixamorig:RightToe_End" parent="mixamorig:RightToeBase" boneTransform="-32.298622 6.002152 94.449158 -330.346100 94.624512 0.288990 32.341679 806.187927 1.667997 99.819275 -5.772788 16.058313 " transform="1.000000 -0.000000 -0.000001 -0.000014 0.000000 1.000000 -0.000000 18.514166 0.000001 0.000000 1.000000 0.000002 " />
	</bones>
</skeleton>
