<?xml version="1.0" encoding="UTF-8" ?>
<skeleton>
	<bones>
		<bone name="Body" boneTransform="0.000002 0.000002 -56.073284 0.000001 -0.000001 -56.073292 -0.000002 212.322784 -56.073284 0.000001 -0.000002 -0.000003 -0.000000 0.000000 0.000000 1.000000 " transform="0.000000 0.000000 -1.000000 -0.000000 -1.000000 0.000000 0.000000 0.000004 0.000000 1.000000 0.000000 -90.000000 0.000000 0.000000 0.000000 1.000000 " />
		<bone name="ArmL1" parent="Body" boneTransform="-42.907284 -36.099560 -0.000039 90.514297 36.099545 -42.907280 0.000022 199.483505 -0.000046 -0.000005 56.073273 -0.000035 -0.000000 0.000000 -0.000000 1.000000 " transform="0.000001 -0.000000 -1.000000 0.000003 0.643793 0.765200 0.000000 1.405537 0.765200 -0.643793 0.000001 59.164440 0.000000 0.000000 0.000000 1.000000 " />
		<bone name="ArmL2" parent="ArmL1" boneTransform="-42.954617 -36.043224 -0.000049 37.706654 36.043217 -42.954617 0.000026 199.533112 -0.000055 -0.000008 56.073277 -0.000051 -0.000000 0.000000 -0.000000 1.000000 " transform="0.999999 0.001312 -0.000000 52.545837 -0.001312 0.999999 -0.000000 0.000058 0.000000 0.000000 1.000000 0.000007 0.000000 0.000000 0.000000 1.000000 " />
		<bone name="PinceR" parent="ArmL2" boneTransform="-42.954617 -36.043228 -0.000044 -17.142176 36.043224 -42.954617 0.000004 207.054672 -0.000038 -0.000022 56.073277 -0.000010 -0.000000 0.000000 -0.000000 1.000000 " transform="1.000000 0.000000 -0.000000 54.848843 -0.000000 1.000000 0.000000 -7.521539 0.000000 -0.000000 1.000000 0.000041 0.000000 0.000000 0.000000 1.000000 " />
		<bone name="Flap3" parent="Body" boneTransform="0.000003 -56.073292 -0.000004 185.397156 -56.073284 -0.000003 0.000149 -0.000093 -0.000147 0.000004 -56.073284 46.614826 -0.000000 0.000000 -0.000000 1.000000 " transform="0.000000 -0.000003 1.000000 -46.614834 1.000000 0.000000 0.000000 26.925636 0.000000 1.000000 0.000003 -0.000019 0.000000 0.000000 0.000000 1.000000 " />
		<bone name="Flap2" parent="Body" boneTransform="0.000002 -56.073288 0.000000 185.397141 -28.036764 -0.000009 -48.560791 0.000167 48.560806 0.000005 -28.036776 -46.614864 -0.000000 0.000000 -0.000000 1.000000 " transform="-0.000000 0.866024 0.500002 23.307423 1.000000 0.000000 0.000000 26.925648 0.000000 0.500002 -0.866024 -40.369652 0.000000 0.000000 0.000000 1.000000 " />
		<bone name="Flap1" parent="Body" boneTransform="0.000004 -56.073299 -0.000007 185.397186 48.560867 0.000001 28.036695 46.614834 -28.036684 -0.000008 48.560871 -0.000011 -0.000000 0.000000 -0.000000 1.000000 " transform="0.000000 -0.500001 -0.866025 23.307423 1.000000 0.000000 0.000000 26.925632 0.000000 -0.866025 0.500001 40.369621 0.000000 0.000000 0.000000 1.000000 " />
		<bone name="ArmR1" parent="Body" boneTransform="42.907284 -36.099567 -0.000012 90.514320 36.099567 42.907288 0.000036 -199.483521 -0.000011 -0.000029 56.073303 0.000112 -0.000000 0.000000 -0.000000 1.000000 " transform="0.000000 -0.000001 -1.000000 -0.000004 0.643793 -0.765200 0.000001 1.405545 -0.765200 -0.643793 0.000000 -59.164429 0.000000 0.000000 0.000000 1.000000 " />
		<bone name="ArmR2" parent="ArmR1" boneTransform="42.954636 -36.043209 -0.000009 37.706573 36.043209 42.954643 0.000036 -199.533203 -0.000013 -0.000028 56.073292 0.000106 -0.000000 0.000000 -0.000000 1.000000 " transform="0.999999 -0.001313 -0.000000 52.545834 0.001313 0.999999 -0.000000 -0.000022 0.000000 0.000000 1.000000 0.000005 0.000000 0.000000 0.000000 1.000000 " />
		<bone name="PinceL" parent="ArmR2" boneTransform="42.954632 -36.043217 0.000017 -17.142239 36.043221 42.954647 0.000009 -207.054672 -0.000017 0.000010 56.073303 0.000013 -0.000000 0.000000 -0.000000 1.000000 " transform="1.000000 0.000000 -0.000000 54.848843 -0.000000 1.000000 0.000000 7.521454 0.000000 -0.000000 1.000000 0.000002 0.000000 0.000000 0.000000 1.000000 " />
	</bones>
</skeleton>
