<?xml version="1.0" encoding="UTF-8" ?>
<skeleton>
	<bones>
		<bone name="Body" boneTransform="-0.000000 0.000000 -1.000000 -0.000000 -0.000000 -1.000000 -0.000000 3.786524 -1.000000 0.000000 0.000000 -0.000000 0.000000 0.000000 -0.000000 1.000000 " transform="-0.000000 -0.000000 -1.000000 -0.036258 -0.000000 -1.000000 0.000000 3.786523 -1.000000 0.000000 0.000000 0.070229 0.000000 0.000000 0.000000 1.000000 " />
		<bone name="ArmL1" parent="Body" boneTransform="-0.765200 -0.643793 -0.000001 1.614215 0.643792 -0.765200 0.000000 3.557550 -0.000001 -0.000000 1.000000 -0.000001 -0.000000 0.000000 -0.000000 1.000000 " transform="0.035125 -0.054510 -0.997895 0.000005 0.860321 0.509748 0.002438 0.025070 0.508542 -0.858595 0.064801 1.055127 0.000000 0.000000 0.000000 1.000000 " />
		<bone name="ArmL2" parent="ArmL1" boneTransform="-0.766045 -0.642788 -0.000001 0.672452 0.642788 -0.766045 0.000000 3.558436 -0.000001 -0.000000 1.000000 -0.000001 -0.000000 0.000000 -0.000000 1.000000 " transform="0.953409 -0.299885 0.032885 0.937085 0.298847 0.953730 0.033020 0.000005 -0.041265 -0.021654 0.998914 0.000000 0.000000 0.000000 0.000000 1.000000 " />
		<bone name="PinceR" parent="ArmL2" boneTransform="-0.766044 -0.642788 -0.000001 -0.305710 0.642788 -0.766044 0.000000 3.692573 -0.000001 -0.000000 1.000000 -0.000000 -0.000000 0.000000 -0.000000 1.000000 " transform="1.000000 -0.000000 -0.000000 0.978164 0.000000 1.000000 0.000000 -0.134138 0.000000 -0.000000 1.000000 0.000001 0.000000 0.000000 0.000000 1.000000 " />
		<bone name="Flap3" parent="Body" boneTransform="0.000000 -1.000000 -0.000000 3.306338 -1.000000 -0.000000 0.000003 -0.000001 -0.000003 0.000000 -1.000000 0.831319 -0.000000 0.000000 -0.000000 1.000000 " transform="0.000000 -0.000003 1.000000 -0.831320 1.000000 0.000000 -0.000000 0.480187 -0.000000 1.000000 0.000002 -0.000000 0.000000 0.000000 0.000000 1.000000 " />
		<bone name="Flap2" parent="Body" boneTransform="-0.000000 -1.000000 0.000000 3.306337 -0.500003 -0.000000 -0.866024 0.000003 0.866024 -0.000000 -0.500002 -0.831319 0.000000 0.000000 -0.000000 1.000000 " transform="0.217251 0.894560 0.390595 0.415657 0.866976 0.007022 -0.498300 0.480190 -0.448502 0.446893 -0.774037 -0.719946 0.000000 0.000000 0.000000 1.000000 " />
		<bone name="Flap1" parent="Body" boneTransform="0.000000 -1.000000 -0.000000 3.306337 0.866025 0.000000 0.500001 0.831319 -0.500001 -0.000000 0.866025 0.000000 -0.000000 0.000000 -0.000000 1.000000 " transform="-0.000000 -0.500001 -0.866025 0.415664 1.000000 -0.000000 0.000000 0.480183 -0.000000 -0.866025 0.500001 0.719943 0.000000 0.000000 0.000000 1.000000 " />
		<bone name="ArmR1" parent="Body" boneTransform="0.765200 -0.643793 -0.000000 1.614215 0.643793 0.765200 0.000001 -3.557551 -0.000000 -0.000001 1.000000 0.000002 -0.000000 0.000000 -0.000000 1.000000 " transform="0.000000 -0.000001 -1.000000 -0.000005 0.908864 -0.417093 0.000001 0.025063 -0.417093 -0.908864 0.000000 -1.055128 0.000000 0.000000 0.000000 1.000000 " />
		<bone name="ArmR2" parent="ArmR1" boneTransform="0.766045 -0.642788 -0.000000 0.672452 0.642788 0.766045 0.000001 -3.558437 -0.000000 -0.000001 1.000000 0.000002 -0.000000 0.000000 -0.000000 1.000000 " transform="0.928770 0.031489 0.369317 0.937089 0.034001 0.984946 -0.169486 -0.000003 -0.369094 0.169970 0.913718 0.000000 0.000000 0.000000 0.000000 1.000000 " />
		<bone name="PinceL" parent="ArmR2" boneTransform="0.766045 -0.642788 0.000000 -0.305712 0.642788 0.766045 0.000000 -3.692573 -0.000000 0.000000 1.000000 0.000000 -0.000000 0.000000 -0.000000 1.000000 " transform="1.000000 0.000000 -0.000001 0.978164 -0.000000 1.000000 0.000000 0.134136 0.000001 -0.000000 1.000000 0.000000 0.000000 0.000000 0.000000 1.000000 " />
	</bones>
</skeleton>
